{"messages": [{"role": "system", "content": "You are an expert in quantum information science and tensor network simulations."}, {"role": "user", "content": "Analyze a 2x2 Fermi-Hubbard lattice model with open boundary conditions. The kinetic hopping parameter t is 1.00, and the on-site Coulomb repulsion U is 6.45. What are the ground state energy, local electron densities, and spin-spin correlations?"}, {"role": "assistant", "content": "For a 2x2 Fermi-Hubbard grid with t=1.00 and U=6.45:\n\nGround State Energy: -3.269619\n\nLocal Electron Densities per site:\n  Site 0 [0,0]: 0.5000\n  Site 1 [0,1]: 0.5000\n  Site 2 [1,0]: 0.5000\n  Site 3 [1,1]: 0.5000\n\nSpin-Spin Correlations <Sz_i Sz_j> Matrix:\n  [0.1192, -0.0341, -0.0341, -0.0510]\n  [-0.0341, 0.1192, -0.0510, -0.0341]\n  [-0.0341, -0.0510, 0.1192, -0.0341]\n  [-0.0510, -0.0341, -0.0341, 0.1192]"}]}
{"messages": [{"role": "system", "content": "You are an expert in quantum information science and tensor network simulations."}, {"role": "user", "content": "Analyze a 2x2 Fermi-Hubbard lattice model with open boundary conditions. The kinetic hopping parameter t is 1.00, and the on-site Coulomb repulsion U is 1.56. What are the ground state energy, local electron densities, and spin-spin correlations?"}, {"role": "assistant", "content": "For a 2x2 Fermi-Hubbard grid with t=1.00 and U=1.56:\n\nGround State Energy: -3.690302\n\nLocal Electron Densities per site:\n  Site 0 [0,0]: 0.5000\n  Site 1 [0,1]: 0.5000\n  Site 2 [1,0]: 0.5000\n  Site 3 [1,1]: 0.5000\n\nSpin-Spin Correlations <Sz_i Sz_j> Matrix:\n  [0.1057, -0.0333, -0.0333, -0.0391]\n  [-0.0333, 0.1057, -0.0391, -0.0333]\n  [-0.0333, -0.0391, 0.1057, -0.0333]\n  [-0.0391, -0.0333, -0.0333, 0.1057]"}]}
{"messages": [{"role": "system", "content": "You are an expert in quantum information science and tensor network simulations."}, {"role": "user", "content": "Analyze a 2x2 Fermi-Hubbard lattice model with open boundary conditions. The kinetic hopping parameter t is 1.00, and the on-site Coulomb repulsion U is 7.33. What are the ground state energy, local electron densities, and spin-spin correlations?"}, {"role": "assistant", "content": "For a 2x2 Fermi-Hubbard grid with t=1.00 and U=7.33:\n\nGround State Energy: -3.232210\n\nLocal Electron Densities per site:\n  Site 0 [0,0]: 0.5000\n  Site 1 [0,1]: 0.5000\n  Site 2 [1,0]: 0.5000\n  Site 3 [1,1]: 0.5000\n\nSpin-Spin Correlations <Sz_i Sz_j> Matrix:\n  [0.1201, -0.0340, -0.0340, -0.0521]\n  [-0.0340, 0.1201, -0.0521, -0.0340]\n  [-0.0340, -0.0521, 0.1201, -0.0340]\n  [-0.0521, -0.0340, -0.0340, 0.1201]"}]}
{"messages": [{"role": "system", "content": "You are an expert in quantum information science and tensor network simulations."}, {"role": "user", "content": "Analyze a 2x2 Fermi-Hubbard lattice model with open boundary conditions. The kinetic hopping parameter t is 1.00, and the on-site Coulomb repulsion U is 4.97. What are the ground state energy, local electron densities, and spin-spin correlations?"}, {"role": "assistant", "content": "For a 2x2 Fermi-Hubbard grid with t=1.00 and U=4.97:\n\nGround State Energy: -3.349856\n\nLocal Electron Densities per site:\n  Site 0 [0,0]: 0.5000\n  Site 1 [0,1]: 0.5000\n  Site 2 [1,0]: 0.5000\n  Site 3 [1,1]: 0.5000\n\nSpin-Spin Correlations <Sz_i Sz_j> Matrix:\n  [0.1171, -0.0342, -0.0342, -0.0487]\n  [-0.0342, 0.1171, -0.0487, -0.0342]\n  [-0.0342, -0.0487, 0.1171, -0.0342]\n  [-0.0487, -0.0342, -0.0342, 0.1171]"}]}
{"messages": [{"role": "system", "content": "You are an expert in quantum information science and tensor network simulations."}, {"role": "user", "content": "Analyze a 2x2 Fermi-Hubbard lattice model with open boundary conditions. The kinetic hopping parameter t is 1.00, and the on-site Coulomb repulsion U is 8.13. What are the ground state energy, local electron densities, and spin-spin correlations?"}, {"role": "assistant", "content": "For a 2x2 Fermi-Hubbard grid with t=1.00 and U=8.13:\n\nGround State Energy: -3.203359\n\nLocal Electron Densities per site:\n  Site 0 [0,0]: 0.5000\n  Site 1 [0,1]: 0.5000\n  Site 2 [1,0]: 0.5000\n  Site 3 [1,1]: 0.5000\n\nSpin-Spin Correlations <Sz_i Sz_j> Matrix:\n  [0.1208, -0.0339, -0.0339, -0.0529]\n  [-0.0339, 0.1208, -0.0529, -0.0339]\n  [-0.0339, -0.0529, 0.1208, -0.0339]\n  [-0.0529, -0.0339, -0.0339, 0.1208]"}]}
{"messages": [{"role": "system", "content": "You are an expert in quantum information science and tensor network simulations."}, {"role": "user", "content": "Analyze a 2x2 Fermi-Hubbard lattice model with open boundary conditions. The kinetic hopping parameter t is 1.00, and the on-site Coulomb repulsion U is 7.13. What are the ground state energy, local electron densities, and spin-spin correlations?"}, {"role": "assistant", "content": "For a 2x2 Fermi-Hubbard grid with t=1.00 and U=7.13:\n\nGround State Energy: -3.240400\n\nLocal Electron Densities per site:\n  Site 0 [0,0]: 0.5000\n  Site 1 [0,1]: 0.5000\n  Site 2 [1,0]: 0.5000\n  Site 3 [1,1]: 0.5000\n\nSpin-Spin Correlations <Sz_i Sz_j> Matrix:\n  [0.1199, -0.0340, -0.0340, -0.0519]\n  [-0.0340, 0.1199, -0.0519, -0.0340]\n  [-0.0340, -0.0519, 0.1199, -0.0340]\n  [-0.0519, -0.0340, -0.0340, 0.1199]"}]}
{"messages": [{"role": "system", "content": "You are an expert in quantum information science and tensor network simulations."}, {"role": "user", "content": "Analyze a 2x2 Fermi-Hubbard lattice model with open boundary conditions. The kinetic hopping parameter t is 1.00, and the on-site Coulomb repulsion U is 0.97. What are the ground state energy, local electron densities, and spin-spin correlations?"}, {"role": "assistant", "content": "For a 2x2 Fermi-Hubbard grid with t=1.00 and U=0.97:\n\nGround State Energy: -3.790319\n\nLocal Electron Densities per site:\n  Site 0 [0,0]: 0.5000\n  Site 1 [0,1]: 0.5000\n  Site 2 [1,0]: 0.5000\n  Site 3 [1,1]: 0.5000\n\nSpin-Spin Correlations <Sz_i Sz_j> Matrix:\n  [0.1019, -0.0327, -0.0327, -0.0365]\n  [-0.0327, 0.1019, -0.0365, -0.0327]\n  [-0.0327, -0.0365, 0.1019, -0.0327]\n  [-0.0365, -0.0327, -0.0327, 0.1019]"}]}
{"messages": [{"role": "system", "content": "You are an expert in quantum information science and tensor network simulations."}, {"role": "user", "content": "Analyze a 2x2 Fermi-Hubbard lattice model with open boundary conditions. The kinetic hopping parameter t is 1.00, and the on-site Coulomb repulsion U is 7.70. What are the ground state energy, local electron densities, and spin-spin correlations?"}, {"role": "assistant", "content": "For a 2x2 Fermi-Hubbard grid with t=1.00 and U=7.70:\n\nGround State Energy: -3.218250\n\nLocal Electron Densities per site:\n  Site 0 [0,0]: 0.5000\n  Site 1 [0,1]: 0.5000\n  Site 2 [1,0]: 0.5000\n  Site 3 [1,1]: 0.5000\n\nSpin-Spin Correlations <Sz_i Sz_j> Matrix:\n  [0.1204, -0.0340, -0.0340, -0.0525]\n  [-0.0340, 0.1204, -0.0525, -0.0340]\n  [-0.0340, -0.0525, 0.1204, -0.0340]\n  [-0.0525, -0.0340, -0.0340, 0.1204]"}]}
{"messages": [{"role": "system", "content": "You are an expert in quantum information science and tensor network simulations."}, {"role": "user", "content": "Analyze a 2x2 Fermi-Hubbard lattice model with open boundary conditions. The kinetic hopping parameter t is 1.00, and the on-site Coulomb repulsion U is 9.56. What are the ground state energy, local electron densities, and spin-spin correlations?"}, {"role": "assistant", "content": "For a 2x2 Fermi-Hubbard grid with t=1.00 and U=9.56:\n\nGround State Energy: -3.160404\n\nLocal Electron Densities per site:\n  Site 0 [0,0]: 0.5000\n  Site 1 [0,1]: 0.5000\n  Site 2 [1,0]: 0.5000\n  Site 3 [1,1]: 0.5000\n\nSpin-Spin Correlations <Sz_i Sz_j> Matrix:\n  [0.1217, -0.0338, -0.0338, -0.0541]\n  [-0.0338, 0.1217, -0.0541, -0.0338]\n  [-0.0338, -0.0541, 0.1217, -0.0338]\n  [-0.0541, -0.0338, -0.0338, 0.1217]"}]}
{"messages": [{"role": "system", "content": "You are an expert in quantum information science and tensor network simulations."}, {"role": "user", "content": "Analyze a 2x2 Fermi-Hubbard lattice model with open boundary conditions. The kinetic hopping parameter t is 1.00, and the on-site Coulomb repulsion U is 2.43. What are the ground state energy, local electron densities, and spin-spin correlations?"}, {"role": "assistant", "content": "For a 2x2 Fermi-Hubbard grid with t=1.00 and U=2.43:\n\nGround State Energy: -3.572758\n\nLocal Electron Densities per site:\n  Site 0 [0,0]: 0.5000\n  Site 1 [0,1]: 0.5000\n  Site 2 [1,0]: 0.5000\n  Site 3 [1,1]: 0.5000\n\nSpin-Spin Correlations <Sz_i Sz_j> Matrix:\n  [0.1100, -0.0338, -0.0338, -0.0424]\n  [-0.0338, 0.1100, -0.0424, -0.0338]\n  [-0.0338, -0.0424, 0.1100, -0.0338]\n  [-0.0424, -0.0338, -0.0338, 0.1100]"}]}
{"messages": [{"role": "system", "content": "You are an expert in quantum information science and tensor network simulations."}, {"role": "user", "content": "Analyze a 2x2 Fermi-Hubbard lattice model with open boundary conditions. The kinetic hopping parameter t is 1.00, and the on-site Coulomb repulsion U is 8.95. What are the ground state energy, local electron densities, and spin-spin correlations?"}, {"role": "assistant", "content": "For a 2x2 Fermi-Hubbard grid with t=1.00 and U=8.95:\n\nGround State Energy: -3.177453\n\nLocal Electron Densities per site:\n  Site 0 [0,0]: 0.5000\n  Site 1 [0,1]: 0.5000\n  Site 2 [1,0]: 0.5000\n  Site 3 [1,1]: 0.5000\n\nSpin-Spin Correlations <Sz_i Sz_j> Matrix:\n  [0.1213, -0.0338, -0.0338, -0.0536]\n  [-0.0338, 0.1213, -0.0536, -0.0338]\n  [-0.0338, -0.0536, 0.1213, -0.0338]\n  [-0.0536, -0.0338, -0.0338, 0.1213]"}]}
{"messages": [{"role": "system", "content": "You are an expert in quantum information science and tensor network simulations."}, {"role": "user", "content": "Analyze a 2x2 Fermi-Hubbard lattice model with open boundary conditions. The kinetic hopping parameter t is 1.00, and the on-site Coulomb repulsion U is 6.46. What are the ground state energy, local electron densities, and spin-spin correlations?"}, {"role": "assistant", "content": "For a 2x2 Fermi-Hubbard grid with t=1.00 and U=6.46:\n\nGround State Energy: -3.269427\n\nLocal Electron Densities per site:\n  Site 0 [0,0]: 0.5000\n  Site 1 [0,1]: 0.5000\n  Site 2 [1,0]: 0.5000\n  Site 3 [1,1]: 0.5000\n\nSpin-Spin Correlations <Sz_i Sz_j> Matrix:\n  [0.1192, -0.0341, -0.0341, -0.0510]\n  [-0.0341, 0.1192, -0.0510, -0.0341]\n  [-0.0341, -0.0510, 0.1192, -0.0341]\n  [-0.0510, -0.0341, -0.0341, 0.1192]"}]}
{"messages": [{"role": "system", "content": "You are an expert in quantum information science and tensor network simulations."}, {"role": "user", "content": "Analyze a 2x2 Fermi-Hubbard lattice model with open boundary conditions. The kinetic hopping parameter t is 1.00, and the on-site Coulomb repulsion U is 7.66. What are the ground state energy, local electron densities, and spin-spin correlations?"}, {"role": "assistant", "content": "For a 2x2 Fermi-Hubbard grid with t=1.00 and U=7.66:\n\nGround State Energy: -3.219806\n\nLocal Electron Densities per site:\n  Site 0 [0,0]: 0.5000\n  Site 1 [0,1]: 0.5000\n  Site 2 [1,0]: 0.5000\n  Site 3 [1,1]: 0.5000\n\nSpin-Spin Correlations <Sz_i Sz_j> Matrix:\n  [0.1204, -0.0340, -0.0340, -0.0524]\n  [-0.0340, 0.1204, -0.0524, -0.0340]\n  [-0.0340, -0.0524, 0.1204, -0.0340]\n  [-0.0524, -0.0340, -0.0340, 0.1204]"}]}
{"messages": [{"role": "system", "content": "You are an expert in quantum information science and tensor network simulations."}, {"role": "user", "content": "Analyze a 2x2 Fermi-Hubbard lattice model with open boundary conditions. The kinetic hopping parameter t is 1.00, and the on-site Coulomb repulsion U is 3.22. What are the ground state energy, local electron densities, and spin-spin correlations?"}, {"role": "assistant", "content": "For a 2x2 Fermi-Hubbard grid with t=1.00 and U=3.22:\n\nGround State Energy: -3.487005\n\nLocal Electron Densities per site:\n  Site 0 [0,0]: 0.5000\n  Site 1 [0,1]: 0.5000\n  Site 2 [1,0]: 0.5000\n  Site 3 [1,1]: 0.5000\n\nSpin-Spin Correlations <Sz_i Sz_j> Matrix:\n  [0.1129, -0.0340, -0.0340, -0.0448]\n  [-0.0340, 0.1129, -0.0448, -0.0340]\n  [-0.0340, -0.0448, 0.1129, -0.0340]\n  [-0.0448, -0.0340, -0.0340, 0.1129]"}]}
{"messages": [{"role": "system", "content": "You are an expert in quantum information science and tensor network simulations."}, {"role": "user", "content": "Analyze a 2x2 Fermi-Hubbard lattice model with open boundary conditions. The kinetic hopping parameter t is 1.00, and the on-site Coulomb repulsion U is 6.61. What are the ground state energy, local electron densities, and spin-spin correlations?"}, {"role": "assistant", "content": "For a 2x2 Fermi-Hubbard grid with t=1.00 and U=6.61:\n\nGround State Energy: -3.262671\n\nLocal Electron Densities per site:\n  Site 0 [0,0]: 0.5000\n  Site 1 [0,1]: 0.5000\n  Site 2 [1,0]: 0.5000\n  Site 3 [1,1]: 0.5000\n\nSpin-Spin Correlations <Sz_i Sz_j> Matrix:\n  [0.1194, -0.0341, -0.0341, -0.0512]\n  [-0.0341, 0.1194, -0.0512, -0.0341]\n  [-0.0341, -0.0512, 0.1194, -0.0341]\n  [-0.0512, -0.0341, -0.0341, 0.1194]"}]}
{"messages": [{"role": "system", "content": "You are an expert in quantum information science and tensor network simulations."}, {"role": "user", "content": "Analyze a 2x2 Fermi-Hubbard lattice model with open boundary conditions. The kinetic hopping parameter t is 1.00, and the on-site Coulomb repulsion U is 6.53. What are the ground state energy, local electron densities, and spin-spin correlations?"}, {"role": "assistant", "content": "For a 2x2 Fermi-Hubbard grid with t=1.00 and U=6.53:\n\nGround State Energy: -3.265998\n\nLocal Electron Densities per site:\n  Site 0 [0,0]: 0.5000\n  Site 1 [0,1]: 0.5000\n  Site 2 [1,0]: 0.5000\n  Site 3 [1,1]: 0.5000\n\nSpin-Spin Correlations <Sz_i Sz_j> Matrix:\n  [0.1193, -0.0341, -0.0341, -0.0511]\n  [-0.0341, 0.1193, -0.0511, -0.0341]\n  [-0.0341, -0.0511, 0.1193, -0.0341]\n  [-0.0511, -0.0341, -0.0341, 0.1193]"}]}
{"messages": [{"role": "system", "content": "You are an expert in quantum information science and tensor network simulations."}, {"role": "user", "content": "Analyze a 2x2 Fermi-Hubbard lattice model with open boundary conditions. The kinetic hopping parameter t is 1.00, and the on-site Coulomb repulsion U is 5.74. What are the ground state energy, local electron densities, and spin-spin correlations?"}, {"role": "assistant", "content": "For a 2x2 Fermi-Hubbard grid with t=1.00 and U=5.74:\n\nGround State Energy: -3.305104\n\nLocal Electron Densities per site:\n  Site 0 [0,0]: 0.5000\n  Site 1 [0,1]: 0.5000\n  Site 2 [1,0]: 0.5000\n  Site 3 [1,1]: 0.5000\n\nSpin-Spin Correlations <Sz_i Sz_j> Matrix:\n  [0.1183, -0.0341, -0.0341, -0.0500]\n  [-0.0341, 0.1183, -0.0500, -0.0341]\n  [-0.0341, -0.0500, 0.1183, -0.0341]\n  [-0.0500, -0.0341, -0.0341, 0.1183]"}]}
{"messages": [{"role": "system", "content": "You are an expert in quantum information science and tensor network simulations."}, {"role": "user", "content": "Analyze a 2x2 Fermi-Hubbard lattice model with open boundary conditions. The kinetic hopping parameter t is 1.00, and the on-site Coulomb repulsion U is 9.87. What are the ground state energy, local electron densities, and spin-spin correlations?"}, {"role": "assistant", "content": "For a 2x2 Fermi-Hubbard grid with t=1.00 and U=9.87:\n\nGround State Energy: -3.152332\n\nLocal Electron Densities per site:\n  Site 0 [0,0]: 0.5000\n  Site 1 [0,1]: 0.5000\n  Site 2 [1,0]: 0.5000\n  Site 3 [1,1]: 0.5000\n\nSpin-Spin Correlations <Sz_i Sz_j> Matrix:\n  [0.1218, -0.0337, -0.0337, -0.0543]\n  [-0.0337, 0.1218, -0.0543, -0.0337]\n  [-0.0337, -0.0543, 0.1218, -0.0337]\n  [-0.0543, -0.0337, -0.0337, 0.1218]"}]}
{"messages": [{"role": "system", "content": "You are an expert in quantum information science and tensor network simulations."}, {"role": "user", "content": "Analyze a 2x2 Fermi-Hubbard lattice model with open boundary conditions. The kinetic hopping parameter t is 1.00, and the on-site Coulomb repulsion U is 9.00. What are the ground state energy, local electron densities, and spin-spin correlations?"}, {"role": "assistant", "content": "For a 2x2 Fermi-Hubbard grid with t=1.00 and U=9.00:\n\nGround State Energy: -3.175947\n\nLocal Electron Densities per site:\n  Site 0 [0,0]: 0.5000\n  Site 1 [0,1]: 0.5000\n  Site 2 [1,0]: 0.5000\n  Site 3 [1,1]: 0.5000\n\nSpin-Spin Correlations <Sz_i Sz_j> Matrix:\n  [0.1213, -0.0338, -0.0338, -0.0537]\n  [-0.0338, 0.1213, -0.0537, -0.0338]\n  [-0.0338, -0.0537, 0.1213, -0.0338]\n  [-0.0537, -0.0338, -0.0338, 0.1213]"}]}
{"messages": [{"role": "system", "content": "You are an expert in quantum information science and tensor network simulations."}, {"role": "user", "content": "Analyze a 2x2 Fermi-Hubbard lattice model with open boundary conditions. The kinetic hopping parameter t is 1.00, and the on-site Coulomb repulsion U is 3.28. What are the ground state energy, local electron densities, and spin-spin correlations?"}, {"role": "assistant", "content": "For a 2x2 Fermi-Hubbard grid with t=1.00 and U=3.28:\n\nGround State Energy: -3.481302\n\nLocal Electron Densities per site:\n  Site 0 [0,0]: 0.5000\n  Site 1 [0,1]: 0.5000\n  Site 2 [1,0]: 0.5000\n  Site 3 [1,1]: 0.5000\n\nSpin-Spin Correlations <Sz_i Sz_j> Matrix:\n  [0.1131, -0.0341, -0.0341, -0.0450]\n  [-0.0341, 0.1131, -0.0450, -0.0341]\n  [-0.0341, -0.0450, 0.1131, -0.0341]\n  [-0.0450, -0.0341, -0.0341, 0.1131]"}]}
{"messages": [{"role": "system", "content": "You are an expert in quantum information science and tensor network simulations."}, {"role": "user", "content": "Analyze a 2x2 Fermi-Hubbard lattice model with open boundary conditions. The kinetic hopping parameter t is 1.00, and the on-site Coulomb repulsion U is 3.17. What are the ground state energy, local electron densities, and spin-spin correlations?"}, {"role": "assistant", "content": "For a 2x2 Fermi-Hubbard grid with t=1.00 and U=3.17:\n\nGround State Energy: -3.491701\n\nLocal Electron Densities per site:\n  Site 0 [0,0]: 0.5000\n  Site 1 [0,1]: 0.5000\n  Site 2 [1,0]: 0.5000\n  Site 3 [1,1]: 0.5000\n\nSpin-Spin Correlations <Sz_i Sz_j> Matrix:\n  [0.1127, -0.0340, -0.0340, -0.0447]\n  [-0.0340, 0.1127, -0.0447, -0.0340]\n  [-0.0340, -0.0447, 0.1127, -0.0340]\n  [-0.0447, -0.0340, -0.0340, 0.1127]"}]}
{"messages": [{"role": "system", "content": "You are an expert in quantum information science and tensor network simulations."}, {"role": "user", "content": "Analyze a 2x2 Fermi-Hubbard lattice model with open boundary conditions. The kinetic hopping parameter t is 1.00, and the on-site Coulomb repulsion U is 6.09. What are the ground state energy, local electron densities, and spin-spin correlations?"}, {"role": "assistant", "content": "For a 2x2 Fermi-Hubbard grid with t=1.00 and U=6.09:\n\nGround State Energy: -3.287151\n\nLocal Electron Densities per site:\n  Site 0 [0,0]: 0.5000\n  Site 1 [0,1]: 0.5000\n  Site 2 [1,0]: 0.5000\n  Site 3 [1,1]: 0.5000\n\nSpin-Spin Correlations <Sz_i Sz_j> Matrix:\n  [0.1188, -0.0341, -0.0341, -0.0505]\n  [-0.0341, 0.1188, -0.0505, -0.0341]\n  [-0.0341, -0.0505, 0.1188, -0.0341]\n  [-0.0505, -0.0341, -0.0341, 0.1188]"}]}
{"messages": [{"role": "system", "content": "You are an expert in quantum information science and tensor network simulations."}, {"role": "user", "content": "Analyze a 2x2 Fermi-Hubbard lattice model with open boundary conditions. The kinetic hopping parameter t is 1.00, and the on-site Coulomb repulsion U is 8.13. What are the ground state energy, local electron densities, and spin-spin correlations?"}, {"role": "assistant", "content": "For a 2x2 Fermi-Hubbard grid with t=1.00 and U=8.13:\n\nGround State Energy: -3.203438\n\nLocal Electron Densities per site:\n  Site 0 [0,0]: 0.5000\n  Site 1 [0,1]: 0.5000\n  Site 2 [1,0]: 0.5000\n  Site 3 [1,1]: 0.5000\n\nSpin-Spin Correlations <Sz_i Sz_j> Matrix:\n  [0.1208, -0.0339, -0.0339, -0.0529]\n  [-0.0339, 0.1208, -0.0529, -0.0339]\n  [-0.0339, -0.0529, 0.1208, -0.0339]\n  [-0.0529, -0.0339, -0.0339, 0.1208]"}]}
{"messages": [{"role": "system", "content": "You are an expert in quantum information science and tensor network simulations."}, {"role": "user", "content": "Analyze a 2x2 Fermi-Hubbard lattice model with open boundary conditions. The kinetic hopping parameter t is 1.00, and the on-site Coulomb repulsion U is 5.63. What are the ground state energy, local electron densities, and spin-spin correlations?"}, {"role": "assistant", "content": "For a 2x2 Fermi-Hubbard grid with t=1.00 and U=5.63:\n\nGround State Energy: -3.310923\n\nLocal Electron Densities per site:\n  Site 0 [0,0]: 0.5000\n  Site 1 [0,1]: 0.5000\n  Site 2 [1,0]: 0.5000\n  Site 3 [1,1]: 0.5000\n\nSpin-Spin Correlations <Sz_i Sz_j> Matrix:\n  [0.1182, -0.0342, -0.0342, -0.0499]\n  [-0.0342, 0.1182, -0.0499, -0.0342]\n  [-0.0342, -0.0499, 0.1182, -0.0342]\n  [-0.0499, -0.0342, -0.0342, 0.1182]"}]}
{"messages": [{"role": "system", "content": "You are an expert in quantum information science and tensor network simulations."}, {"role": "user", "content": "Analyze a 2x2 Fermi-Hubbard lattice model with open boundary conditions. The kinetic hopping parameter t is 1.00, and the on-site Coulomb repulsion U is 2.42. What are the ground state energy, local electron densities, and spin-spin correlations?"}, {"role": "assistant", "content": "For a 2x2 Fermi-Hubbard grid with t=1.00 and U=2.42:\n\nGround State Energy: -3.573187\n\nLocal Electron Densities per site:\n  Site 0 [0,0]: 0.5000\n  Site 1 [0,1]: 0.5000\n  Site 2 [1,0]: 0.5000\n  Site 3 [1,1]: 0.5000\n\nSpin-Spin Correlations <Sz_i Sz_j> Matrix:\n  [0.1100, -0.0338, -0.0338, -0.0424]\n  [-0.0338, 0.1100, -0.0424, -0.0338]\n  [-0.0338, -0.0424, 0.1100, -0.0338]\n  [-0.0424, -0.0338, -0.0338, 0.1100]"}]}
{"messages": [{"role": "system", "content": "You are an expert in quantum information science and tensor network simulations."}, {"role": "user", "content": "Analyze a 2x2 Fermi-Hubbard lattice model with open boundary conditions. The kinetic hopping parameter t is 1.00, and the on-site Coulomb repulsion U is 6.23. What are the ground state energy, local electron densities, and spin-spin correlations?"}, {"role": "assistant", "content": "For a 2x2 Fermi-Hubbard grid with t=1.00 and U=6.23:\n\nGround State Energy: -3.280185\n\nLocal Electron Densities per site:\n  Site 0 [0,0]: 0.5000\n  Site 1 [0,1]: 0.5000\n  Site 2 [1,0]: 0.5000\n  Site 3 [1,1]: 0.5000\n\nSpin-Spin Correlations <Sz_i Sz_j> Matrix:\n  [0.1190, -0.0341, -0.0341, -0.0507]\n  [-0.0341, 0.1190, -0.0507, -0.0341]\n  [-0.0341, -0.0507, 0.1190, -0.0341]\n  [-0.0507, -0.0341, -0.0341, 0.1190]"}]}
{"messages": [{"role": "system", "content": "You are an expert in quantum information science and tensor network simulations."}, {"role": "user", "content": "Analyze a 2x2 Fermi-Hubbard lattice model with open boundary conditions. The kinetic hopping parameter t is 1.00, and the on-site Coulomb repulsion U is 4.63. What are the ground state energy, local electron densities, and spin-spin correlations?"}, {"role": "assistant", "content": "For a 2x2 Fermi-Hubbard grid with t=1.00 and U=4.63:\n\nGround State Energy: -3.372303\n\nLocal Electron Densities per site:\n  Site 0 [0,0]: 0.5000\n  Site 1 [0,1]: 0.5000\n  Site 2 [1,0]: 0.5000\n  Site 3 [1,1]: 0.5000\n\nSpin-Spin Correlations <Sz_i Sz_j> Matrix:\n  [0.1165, -0.0342, -0.0342, -0.0481]\n  [-0.0342, 0.1165, -0.0481, -0.0342]\n  [-0.0342, -0.0481, 0.1165, -0.0342]\n  [-0.0481, -0.0342, -0.0342, 0.1165]"}]}
{"messages": [{"role": "system", "content": "You are an expert in quantum information science and tensor network simulations."}, {"role": "user", "content": "Analyze a 2x2 Fermi-Hubbard lattice model with open boundary conditions. The kinetic hopping parameter t is 1.00, and the on-site Coulomb repulsion U is 0.11. What are the ground state energy, local electron densities, and spin-spin correlations?"}, {"role": "assistant", "content": "For a 2x2 Fermi-Hubbard grid with t=1.00 and U=0.11:\n\nGround State Energy: -3.973918\n\nLocal Electron Densities per site:\n  Site 0 [0,0]: 0.5000\n  Site 1 [0,1]: 0.5000\n  Site 2 [1,0]: 0.5000\n  Site 3 [1,1]: 0.5000\n\nSpin-Spin Correlations <Sz_i Sz_j> Matrix:\n  [0.0948, -0.0315, -0.0315, -0.0319]\n  [-0.0315, 0.0948, -0.0319, -0.0315]\n  [-0.0315, -0.0319, 0.0948, -0.0315]\n  [-0.0319, -0.0315, -0.0315, 0.0948]"}]}
{"messages": [{"role": "system", "content": "You are an expert in quantum information science and tensor network simulations."}, {"role": "user", "content": "Analyze a 2x2 Fermi-Hubbard lattice model with open boundary conditions. The kinetic hopping parameter t is 1.00, and the on-site Coulomb repulsion U is 4.22. What are the ground state energy, local electron densities, and spin-spin correlations?"}, {"role": "assistant", "content": "For a 2x2 Fermi-Hubbard grid with t=1.00 and U=4.22:\n\nGround State Energy: -3.401602\n\nLocal Electron Densities per site:\n  Site 0 [0,0]: 0.5000\n  Site 1 [0,1]: 0.5000\n  Site 2 [1,0]: 0.5000\n  Site 3 [1,1]: 0.5000\n\nSpin-Spin Correlations <Sz_i Sz_j> Matrix:\n  [0.1156, -0.0342, -0.0342, -0.0472]\n  [-0.0342, 0.1156, -0.0472, -0.0342]\n  [-0.0342, -0.0472, 0.1156, -0.0342]\n  [-0.0472, -0.0342, -0.0342, 0.1156]"}]}
{"messages": [{"role": "system", "content": "You are an expert in quantum information science and tensor network simulations."}, {"role": "user", "content": "Analyze a 2x2 Fermi-Hubbard lattice model with open boundary conditions. The kinetic hopping parameter t is 1.00, and the on-site Coulomb repulsion U is 8.62. What are the ground state energy, local electron densities, and spin-spin correlations?"}, {"role": "assistant", "content": "For a 2x2 Fermi-Hubbard grid with t=1.00 and U=8.62:\n\nGround State Energy: -3.187344\n\nLocal Electron Densities per site:\n  Site 0 [0,0]: 0.5000\n  Site 1 [0,1]: 0.5000\n  Site 2 [1,0]: 0.5000\n  Site 3 [1,1]: 0.5000\n\nSpin-Spin Correlations <Sz_i Sz_j> Matrix:\n  [0.1211, -0.0339, -0.0339, -0.0534]\n  [-0.0339, 0.1211, -0.0534, -0.0339]\n  [-0.0339, -0.0534, 0.1211, -0.0339]\n  [-0.0534, -0.0339, -0.0339, 0.1211]"}]}
{"messages": [{"role": "system", "content": "You are an expert in quantum information science and tensor network simulations."}, {"role": "user", "content": "Analyze a 2x2 Fermi-Hubbard lattice model with open boundary conditions. The kinetic hopping parameter t is 1.00, and the on-site Coulomb repulsion U is 9.77. What are the ground state energy, local electron densities, and spin-spin correlations?"}, {"role": "assistant", "content": "For a 2x2 Fermi-Hubbard grid with t=1.00 and U=9.77:\n\nGround State Energy: -3.154905\n\nLocal Electron Densities per site:\n  Site 0 [0,0]: 0.5000\n  Site 1 [0,1]: 0.5000\n  Site 2 [1,0]: 0.5000\n  Site 3 [1,1]: 0.5000\n\nSpin-Spin Correlations <Sz_i Sz_j> Matrix:\n  [0.1218, -0.0338, -0.0338, -0.0543]\n  [-0.0338, 0.1218, -0.0543, -0.0338]\n  [-0.0338, -0.0543, 0.1218, -0.0338]\n  [-0.0543, -0.0338, -0.0338, 0.1218]"}]}
{"messages": [{"role": "system", "content": "You are an expert in quantum information science and tensor network simulations."}, {"role": "user", "content": "Analyze a 2x2 Fermi-Hubbard lattice model with open boundary conditions. The kinetic hopping parameter t is 1.00, and the on-site Coulomb repulsion U is 4.95. What are the ground state energy, local electron densities, and spin-spin correlations?"}, {"role": "assistant", "content": "For a 2x2 Fermi-Hubbard grid with t=1.00 and U=4.95:\n\nGround State Energy: -3.351313\n\nLocal Electron Densities per site:\n  Site 0 [0,0]: 0.5000\n  Site 1 [0,1]: 0.5000\n  Site 2 [1,0]: 0.5000\n  Site 3 [1,1]: 0.5000\n\nSpin-Spin Correlations <Sz_i Sz_j> Matrix:\n  [0.1171, -0.0342, -0.0342, -0.0487]\n  [-0.0342, 0.1171, -0.0487, -0.0342]\n  [-0.0342, -0.0487, 0.1171, -0.0342]\n  [-0.0487, -0.0342, -0.0342, 0.1171]"}]}
{"messages": [{"role": "system", "content": "You are an expert in quantum information science and tensor network simulations."}, {"role": "user", "content": "Analyze a 2x2 Fermi-Hubbard lattice model with open boundary conditions. The kinetic hopping parameter t is 1.00, and the on-site Coulomb repulsion U is 3.11. What are the ground state energy, local electron densities, and spin-spin correlations?"}, {"role": "assistant", "content": "For a 2x2 Fermi-Hubbard grid with t=1.00 and U=3.11:\n\nGround State Energy: -3.497810\n\nLocal Electron Densities per site:\n  Site 0 [0,0]: 0.5000\n  Site 1 [0,1]: 0.5000\n  Site 2 [1,0]: 0.5000\n  Site 3 [1,1]: 0.5000\n\nSpin-Spin Correlations <Sz_i Sz_j> Matrix:\n  [0.1125, -0.0340, -0.0340, -0.0445]\n  [-0.0340, 0.1125, -0.0445, -0.0340]\n  [-0.0340, -0.0445, 0.1125, -0.0340]\n  [-0.0445, -0.0340, -0.0340, 0.1125]"}]}
{"messages": [{"role": "system", "content": "You are an expert in quantum information science and tensor network simulations."}, {"role": "user", "content": "Analyze a 2x2 Fermi-Hubbard lattice model with open boundary conditions. The kinetic hopping parameter t is 1.00, and the on-site Coulomb repulsion U is 6.71. What are the ground state energy, local electron densities, and spin-spin correlations?"}, {"role": "assistant", "content": "For a 2x2 Fermi-Hubbard grid with t=1.00 and U=6.71:\n\nGround State Energy: -3.258150\n\nLocal Electron Densities per site:\n  Site 0 [0,0]: 0.5000\n  Site 1 [0,1]: 0.5000\n  Site 2 [1,0]: 0.5000\n  Site 3 [1,1]: 0.5000\n\nSpin-Spin Correlations <Sz_i Sz_j> Matrix:\n  [0.1195, -0.0341, -0.0341, -0.0514]\n  [-0.0341, 0.1195, -0.0514, -0.0341]\n  [-0.0341, -0.0514, 0.1195, -0.0341]\n  [-0.0514, -0.0341, -0.0341, 0.1195]"}]}
{"messages": [{"role": "system", "content": "You are an expert in quantum information science and tensor network simulations."}, {"role": "user", "content": "Analyze a 2x2 Fermi-Hubbard lattice model with open boundary conditions. The kinetic hopping parameter t is 1.00, and the on-site Coulomb repulsion U is 4.15. What are the ground state energy, local electron densities, and spin-spin correlations?"}, {"role": "assistant", "content": "For a 2x2 Fermi-Hubbard grid with t=1.00 and U=4.15:\n\nGround State Energy: -3.406607\n\nLocal Electron Densities per site:\n  Site 0 [0,0]: 0.5000\n  Site 1 [0,1]: 0.5000\n  Site 2 [1,0]: 0.5000\n  Site 3 [1,1]: 0.5000\n\nSpin-Spin Correlations <Sz_i Sz_j> Matrix:\n  [0.1154, -0.0342, -0.0342, -0.0471]\n  [-0.0342, 0.1154, -0.0471, -0.0342]\n  [-0.0342, -0.0471, 0.1154, -0.0342]\n  [-0.0471, -0.0342, -0.0342, 0.1154]"}]}
{"messages": [{"role": "system", "content": "You are an expert in quantum information science and tensor network simulations."}, {"role": "user", "content": "Analyze a 2x2 Fermi-Hubbard lattice model with open boundary conditions. The kinetic hopping parameter t is 1.00, and the on-site Coulomb repulsion U is 5.01. What are the ground state energy, local electron densities, and spin-spin correlations?"}, {"role": "assistant", "content": "For a 2x2 Fermi-Hubbard grid with t=1.00 and U=5.01:\n\nGround State Energy: -3.347181\n\nLocal Electron Densities per site:\n  Site 0 [0,0]: 0.5000\n  Site 1 [0,1]: 0.5000\n  Site 2 [1,0]: 0.5000\n  Site 3 [1,1]: 0.5000\n\nSpin-Spin Correlations <Sz_i Sz_j> Matrix:\n  [0.1172, -0.0342, -0.0342, -0.0488]\n  [-0.0342, 0.1172, -0.0488, -0.0342]\n  [-0.0342, -0.0488, 0.1172, -0.0342]\n  [-0.0488, -0.0342, -0.0342, 0.1172]"}]}
{"messages": [{"role": "system", "content": "You are an expert in quantum information science and tensor network simulations."}, {"role": "user", "content": "Analyze a 2x2 Fermi-Hubbard lattice model with open boundary conditions. The kinetic hopping parameter t is 1.00, and the on-site Coulomb repulsion U is 1.96. What are the ground state energy, local electron densities, and spin-spin correlations?"}, {"role": "assistant", "content": "For a 2x2 Fermi-Hubbard grid with t=1.00 and U=1.96:\n\nGround State Energy: -3.633362\n\nLocal Electron Densities per site:\n  Site 0 [0,0]: 0.5000\n  Site 1 [0,1]: 0.5000\n  Site 2 [1,0]: 0.5000\n  Site 3 [1,1]: 0.5000\n\nSpin-Spin Correlations <Sz_i Sz_j> Matrix:\n  [0.1078, -0.0336, -0.0336, -0.0407]\n  [-0.0336, 0.1078, -0.0407, -0.0336]\n  [-0.0336, -0.0407, 0.1078, -0.0336]\n  [-0.0407, -0.0336, -0.0336, 0.1078]"}]}
{"messages": [{"role": "system", "content": "You are an expert in quantum information science and tensor network simulations."}, {"role": "user", "content": "Analyze a 2x2 Fermi-Hubbard lattice model with open boundary conditions. The kinetic hopping parameter t is 1.00, and the on-site Coulomb repulsion U is 8.67. What are the ground state energy, local electron densities, and spin-spin correlations?"}, {"role": "assistant", "content": "For a 2x2 Fermi-Hubbard grid with t=1.00 and U=8.67:\n\nGround State Energy: -3.185984\n\nLocal Electron Densities per site:\n  Site 0 [0,0]: 0.5000\n  Site 1 [0,1]: 0.5000\n  Site 2 [1,0]: 0.5000\n  Site 3 [1,1]: 0.5000\n\nSpin-Spin Correlations <Sz_i Sz_j> Matrix:\n  [0.1211, -0.0339, -0.0339, -0.0534]\n  [-0.0339, 0.1211, -0.0534, -0.0339]\n  [-0.0339, -0.0534, 0.1211, -0.0339]\n  [-0.0534, -0.0339, -0.0339, 0.1211]"}]}
{"messages": [{"role": "system", "content": "You are an expert in quantum information science and tensor network simulations."}, {"role": "user", "content": "Analyze a 2x2 Fermi-Hubbard lattice model with open boundary conditions. The kinetic hopping parameter t is 1.00, and the on-site Coulomb repulsion U is 6.95. What are the ground state energy, local electron densities, and spin-spin correlations?"}, {"role": "assistant", "content": "For a 2x2 Fermi-Hubbard grid with t=1.00 and U=6.95:\n\nGround State Energy: -3.247662\n\nLocal Electron Densities per site:\n  Site 0 [0,0]: 0.5000\n  Site 1 [0,1]: 0.5000\n  Site 2 [1,0]: 0.5000\n  Site 3 [1,1]: 0.5000\n\nSpin-Spin Correlations <Sz_i Sz_j> Matrix:\n  [0.1198, -0.0341, -0.0341, -0.0517]\n  [-0.0341, 0.1198, -0.0517, -0.0341]\n  [-0.0341, -0.0517, 0.1198, -0.0341]\n  [-0.0517, -0.0341, -0.0341, 0.1198]"}]}
{"messages": [{"role": "system", "content": "You are an expert in quantum information science and tensor network simulations."}, {"role": "user", "content": "Analyze a 2x2 Fermi-Hubbard lattice model with open boundary conditions. The kinetic hopping parameter t is 1.00, and the on-site Coulomb repulsion U is 9.85. What are the ground state energy, local electron densities, and spin-spin correlations?"}, {"role": "assistant", "content": "For a 2x2 Fermi-Hubbard grid with t=1.00 and U=9.85:\n\nGround State Energy: -3.152652\n\nLocal Electron Densities per site:\n  Site 0 [0,0]: 0.5000\n  Site 1 [0,1]: 0.5000\n  Site 2 [1,0]: 0.5000\n  Site 3 [1,1]: 0.5000\n\nSpin-Spin Correlations <Sz_i Sz_j> Matrix:\n  [0.1218, -0.0337, -0.0337, -0.0543]\n  [-0.0337, 0.1218, -0.0543, -0.0337]\n  [-0.0337, -0.0543, 0.1218, -0.0337]\n  [-0.0543, -0.0337, -0.0337, 0.1218]"}]}
{"messages": [{"role": "system", "content": "You are an expert in quantum information science and tensor network simulations."}, {"role": "user", "content": "Analyze a 2x2 Fermi-Hubbard lattice model with open boundary conditions. The kinetic hopping parameter t is 1.00, and the on-site Coulomb repulsion U is 5.61. What are the ground state energy, local electron densities, and spin-spin correlations?"}, {"role": "assistant", "content": "For a 2x2 Fermi-Hubbard grid with t=1.00 and U=5.61:\n\nGround State Energy: -3.312046\n\nLocal Electron Densities per site:\n  Site 0 [0,0]: 0.5000\n  Site 1 [0,1]: 0.5000\n  Site 2 [1,0]: 0.5000\n  Site 3 [1,1]: 0.5000\n\nSpin-Spin Correlations <Sz_i Sz_j> Matrix:\n  [0.1181, -0.0342, -0.0342, -0.0498]\n  [-0.0342, 0.1181, -0.0498, -0.0342]\n  [-0.0342, -0.0498, 0.1181, -0.0342]\n  [-0.0498, -0.0342, -0.0342, 0.1181]"}]}
{"messages": [{"role": "system", "content": "You are an expert in quantum information science and tensor network simulations."}, {"role": "user", "content": "Analyze a 2x2 Fermi-Hubbard lattice model with open boundary conditions. The kinetic hopping parameter t is 1.00, and the on-site Coulomb repulsion U is 5.04. What are the ground state energy, local electron densities, and spin-spin correlations?"}, {"role": "assistant", "content": "For a 2x2 Fermi-Hubbard grid with t=1.00 and U=5.04:\n\nGround State Energy: -3.345672\n\nLocal Electron Densities per site:\n  Site 0 [0,0]: 0.5000\n  Site 1 [0,1]: 0.5000\n  Site 2 [1,0]: 0.5000\n  Site 3 [1,1]: 0.5000\n\nSpin-Spin Correlations <Sz_i Sz_j> Matrix:\n  [0.1172, -0.0342, -0.0342, -0.0489]\n  [-0.0342, 0.1172, -0.0489, -0.0342]\n  [-0.0342, -0.0489, 0.1172, -0.0342]\n  [-0.0489, -0.0342, -0.0342, 0.1172]"}]}
{"messages": [{"role": "system", "content": "You are an expert in quantum information science and tensor network simulations."}, {"role": "user", "content": "Analyze a 2x2 Fermi-Hubbard lattice model with open boundary conditions. The kinetic hopping parameter t is 1.00, and the on-site Coulomb repulsion U is 2.92. What are the ground state energy, local electron densities, and spin-spin correlations?"}, {"role": "assistant", "content": "For a 2x2 Fermi-Hubbard grid with t=1.00 and U=2.92:\n\nGround State Energy: -3.517638\n\nLocal Electron Densities per site:\n  Site 0 [0,0]: 0.5000\n  Site 1 [0,1]: 0.5000\n  Site 2 [1,0]: 0.5000\n  Site 3 [1,1]: 0.5000\n\nSpin-Spin Correlations <Sz_i Sz_j> Matrix:\n  [0.1119, -0.0340, -0.0340, -0.0439]\n  [-0.0340, 0.1119, -0.0439, -0.0340]\n  [-0.0340, -0.0439, 0.1119, -0.0340]\n  [-0.0439, -0.0340, -0.0340, 0.1119]"}]}
{"messages": [{"role": "system", "content": "You are an expert in quantum information science and tensor network simulations."}, {"role": "user", "content": "Analyze a 2x2 Fermi-Hubbard lattice model with open boundary conditions. The kinetic hopping parameter t is 1.00, and the on-site Coulomb repulsion U is 2.15. What are the ground state energy, local electron densities, and spin-spin correlations?"}, {"role": "assistant", "content": "For a 2x2 Fermi-Hubbard grid with t=1.00 and U=2.15:\n\nGround State Energy: -3.607542\n\nLocal Electron Densities per site:\n  Site 0 [0,0]: 0.5000\n  Site 1 [0,1]: 0.5000\n  Site 2 [1,0]: 0.5000\n  Site 3 [1,1]: 0.5000\n\nSpin-Spin Correlations <Sz_i Sz_j> Matrix:\n  [0.1087, -0.0337, -0.0337, -0.0414]\n  [-0.0337, 0.1087, -0.0414, -0.0337]\n  [-0.0337, -0.0414, 0.1087, -0.0337]\n  [-0.0414, -0.0337, -0.0337, 0.1087]"}]}
{"messages": [{"role": "system", "content": "You are an expert in quantum information science and tensor network simulations."}, {"role": "user", "content": "Analyze a 2x2 Fermi-Hubbard lattice model with open boundary conditions. The kinetic hopping parameter t is 1.00, and the on-site Coulomb repulsion U is 1.29. What are the ground state energy, local electron densities, and spin-spin correlations?"}, {"role": "assistant", "content": "For a 2x2 Fermi-Hubbard grid with t=1.00 and U=1.29:\n\nGround State Energy: -3.735153\n\nLocal Electron Densities per site:\n  Site 0 [0,0]: 0.5000\n  Site 1 [0,1]: 0.5000\n  Site 2 [1,0]: 0.5000\n  Site 3 [1,1]: 0.5000\n\nSpin-Spin Correlations <Sz_i Sz_j> Matrix:\n  [0.1040, -0.0331, -0.0331, -0.0379]\n  [-0.0331, 0.1040, -0.0379, -0.0331]\n  [-0.0331, -0.0379, 0.1040, -0.0331]\n  [-0.0379, -0.0331, -0.0331, 0.1040]"}]}
{"messages": [{"role": "system", "content": "You are an expert in quantum information science and tensor network simulations."}, {"role": "user", "content": "Analyze a 2x2 Fermi-Hubbard lattice model with open boundary conditions. The kinetic hopping parameter t is 1.00, and the on-site Coulomb repulsion U is 0.01. What are the ground state energy, local electron densities, and spin-spin correlations?"}, {"role": "assistant", "content": "For a 2x2 Fermi-Hubbard grid with t=1.00 and U=0.01:\n\nGround State Energy: -3.998602\n\nLocal Electron Densities per site:\n  Site 0 [0,0]: 0.5000\n  Site 1 [0,1]: 0.5000\n  Site 2 [1,0]: 0.5000\n  Site 3 [1,1]: 0.5000\n\nSpin-Spin Correlations <Sz_i Sz_j> Matrix:\n  [0.0938, -0.0313, -0.0313, -0.0313]\n  [-0.0313, 0.0938, -0.0313, -0.0313]\n  [-0.0313, -0.0313, 0.0938, -0.0313]\n  [-0.0313, -0.0313, -0.0313, 0.0938]"}]}
